Matriz 1
6 3 9 0 2 2 2 8 9 7 5 1 0 6 7 0 4 5 5 7 4 9 0 1 3 9 9 1 3 6 8 5 4 7 7 9 5 2 9 9 
7 7 2 7 7 7 4 1 5 1 4 0 2 8 9 8 7 5 5 6 2 1 8 6 2 1 0 9 7 8 7 7 3 8 0 2 0 8 7 7 
6 7 4 2 5 0 8 3 3 3 7 6 2 1 3 8 1 9 3 8 4 7 7 8 3 6 1 4 0 5 8 4 1 6 7 9 7 7 1 9 
3 2 9 1 4 5 0 6 7 9 2 9 0 8 8 0 3 7 1 5 5 2 4 0 6 0 3 9 1 8 8 1 5 6 9 6 6 2 1 4 
7 9 9 7 9 9 0 0 3 6 4 9 5 5 9 8 8 8 8 7 6 8 3 5 0 1 8 9 6 3 7 3 9 3 0 9 4 6 8 8 
6 7 3 1 4 9 8 7 6 9 8 8 5 3 1 6 4 6 3 2 6 1 6 6 5 6 5 9 2 9 8 2 3 5 0 8 2 3 1 6 
9 2 8 0 7 7 0 8 2 2 4 0 3 8 8 3 8 6 0 0 9 2 8 5 8 6 1 0 5 1 4 4 4 2 1 1 3 5 9 6 
0 2 1 0 4 3 1 6 3 0 4 9 0 5 7 0 5 2 9 7 9 8 3 7 5 4 3 1 0 4 9 6 0 4 5 7 4 8 3 5 
8 0 6 7 2 4 1 9 3 4 8 8 0 4 7 3 2 9 2 6 1 8 5 5 2 9 3 8 7 0 4 2 4 8 0 2 9 7 0 5 
6 8 6 7 0 2 7 5 9 9 1 5 5 7 9 0 0 7 6 4 5 6 4 6 7 5 0 1 6 0 2 3 1 1 0 1 3 0 2 2 
7 2 1 4 5 6 1 2 3 5 2 1 7 6 4 3 0 2 3 2 5 0 0 3 9 1 8 8 8 7 7 6 0 1 7 7 4 2 2 3 
8 5 1 4 0 3 6 6 2 4 5 7 9 6 9 4 8 9 5 0 9 4 9 5 2 6 1 8 6 5 8 8 1 9 4 3 7 2 2 1 
0 5 4 6 0 0 1 9 9 9 0 9 4 7 0 2 9 3 3 6 1 6 9 9 7 4 4 9 8 7 7 2 1 2 7 1 8 6 6 0 
7 2 2 3 8 2 4 5 4 3 9 5 4 7 7 3 8 9 9 5 7 6 6 0 3 3 0 1 1 7 2 7 8 2 4 9 7 5 0 5 
1 8 0 9 2 4 9 4 1 9 6 8 7 0 3 4 7 9 4 0 7 0 9 7 5 9 6 6 7 4 3 6 1 9 5 4 8 2 3 1 
9 1 4 0 5 1 4 0 4 4 3 6 5 1 0 9 7 6 2 4 4 8 8 7 2 5 9 9 4 6 4 6 0 6 1 3 1 6 4 3 
6 4 4 5 3 3 2 5 3 8 6 4 6 1 8 2 8 4 0 3 4 7 7 4 7 9 7 7 7 8 6 2 9 8 0 8 9 5 1 3 
3 5 7 0 4 2 3 6 6 5 8 5 9 8 4 0 5 2 3 0 4 7 0 1 9 7 0 9 7 2 2 0 2 1 8 4 8 2 8 9 
0 9 3 2 9 3 0 0 0 2 5 6 0 5 4 9 4 7 1 2 7 4 1 5 8 7 6 0 3 8 2 5 1 0 4 7 7 3 7 7 
8 4 9 5 4 2 6 9 0 2 1 9 2 3 3 1 6 8 4 0 1 9 2 5 9 0 1 4 4 8 0 9 9 4 5 6 1 3 7 7 
1 0 6 8 3 9 2 2 0 7 5 3 1 1 7 7 5 3 5 5 4 5 8 9 1 5 3 5 7 7 7 7 5 8 5 4 1 7 3 0 
6 1 8 7 8 4 2 0 3 3 6 0 0 9 6 8 2 7 1 0 4 7 5 7 0 8 9 5 8 5 9 3 7 3 7 1 7 9 0 4 
6 8 3 7 0 0 8 2 5 9 1 8 4 5 6 8 3 2 2 0 6 4 7 6 4 1 1 9 2 2 4 5 7 8 1 4 4 8 8 9 
2 3 5 1 8 7 5 6 5 6 6 8 2 5 2 7 8 0 6 2 7 2 4 1 3 0 1 2 6 7 4 7 1 5 0 5 9 4 5 7 
4 2 7 2 3 5 1 2 1 0 7 2 2 4 2 0 8 6 8 0 2 4 0 8 6 3 6 4 4 0 9 6 5 6 5 8 4 5 2 5 
3 7 8 2 4 2 5 5 5 7 0 2 1 0 2 6 8 7 9 3 5 8 9 6 7 9 0 5 0 8 4 9 0 4 1 2 5 2 8 3 
1 6 9 6 0 5 9 2 5 1 5 5 9 9 5 5 0 9 9 0 2 8 2 5 8 5 3 9 8 1 5 2 4 7 1 4 7 1 5 0 
7 2 8 6 3 5 8 6 3 7 4 4 7 4 6 2 2 8 9 1 4 3 6 7 4 8 9 4 0 2 5 2 1 4 8 6 4 8 1 3 
2 8 5 9 4 6 7 1 2 1 2 5 9 0 3 9 8 9 3 2 2 0 8 2 0 3 7 5 4 8 4 4 9 9 4 3 2 0 1 3 
1 1 4 6 6 7 6 4 7 0 7 2 1 1 8 9 0 2 8 7 5 7 9 6 9 0 2 7 8 8 5 9 7 7 2 3 1 0 4 9 
5 2 3 2 3 1 2 0 4 8 4 3 3 8 1 6 8 7 2 4 5 0 7 9 0 9 4 3 9 0 0 1 6 1 5 8 6 1 1 7 
2 1 5 7 8 0 7 1 4 4 4 1 3 6 6 9 5 9 7 7 7 7 1 0 5 7 1 1 3 3 4 2 7 1 2 3 6 6 3 5 
4 9 2 5 1 9 5 6 5 9 6 8 8 0 2 4 9 5 8 0 2 4 1 3 8 7 9 9 0 1 9 3 0 3 2 0 2 3 9 5 
2 6 8 9 9 4 9 2 8 1 0 8 0 2 1 9 2 5 5 2 9 7 8 1 8 2 7 7 5 0 0 1 7 6 6 8 9 8 9 8 
5 0 2 3 8 5 4 3 6 7 0 1 6 9 1 7 0 4 9 4 4 9 0 4 6 2 9 8 8 3 9 0 0 5 3 0 1 8 7 2 
5 3 2 0 5 2 8 5 9 2 2 4 7 8 6 1 9 8 1 4 6 2 2 7 2 0 4 1 6 8 2 7 7 4 7 7 0 2 1 8 
0 1 4 0 4 6 0 1 2 0 8 6 2 5 1 1 6 8 7 5 1 9 8 2 9 1 3 0 8 2 1 3 0 1 4 8 0 8 1 0 
6 0 1 8 5 0 8 7 0 7 8 2 4 9 5 7 3 6 7 5 9 2 4 7 3 0 1 2 9 4 6 0 1 6 3 3 1 1 0 3 
6 5 0 6 3 8 3 3 6 5 6 3 8 7 6 2 9 1 8 3 9 7 1 9 5 9 5 2 1 3 4 2 4 7 1 1 3 7 1 3 
3 0 1 5 6 3 6 8 1 0 7 6 1 6 3 3 6 1 8 3 9 0 2 3 5 9 6 2 1 4 2 5 2 9 4 0 8 4 1 7 

Matriz 2
3 9 8 2 7 1 9 2 4 7 8 8 1 5 9 5 5 3 5 7 9 8 9 9 0 0 2 1 9 0 8 4 0 1 4 3 0 7 5 4 
8 6 8 5 5 7 4 0 8 4 0 1 4 3 7 8 5 9 4 2 3 6 2 5 7 8 1 4 9 8 8 6 4 0 6 2 3 0 6 9 
0 8 6 1 0 4 7 3 1 3 7 9 6 9 0 1 7 5 1 1 8 4 2 2 3 3 2 3 8 3 3 1 5 6 7 3 9 7 7 7 
5 6 6 0 6 5 2 3 5 6 1 9 9 3 8 1 2 5 9 7 2 7 1 2 2 0 2 5 8 9 1 1 8 8 3 5 0 2 5 7 
7 2 9 0 7 9 2 8 9 2 4 2 4 8 1 6 7 7 7 9 9 7 1 8 3 6 2 5 4 5 1 6 3 9 3 9 7 9 3 0 
1 6 8 2 7 1 3 9 3 9 8 4 6 6 3 9 5 0 9 9 3 5 0 5 7 3 6 3 3 3 7 3 0 8 9 6 9 9 2 7 
2 7 2 2 1 5 9 3 5 2 2 7 6 4 4 9 6 8 8 7 7 0 3 2 9 3 7 6 0 5 6 4 3 4 4 3 6 3 0 9 
2 3 4 8 3 0 0 6 0 6 4 9 4 9 1 9 3 9 4 6 1 1 5 6 9 2 4 3 6 7 5 5 1 1 3 7 6 7 7 8 
0 2 4 6 4 2 2 1 5 1 2 5 8 5 0 5 6 0 7 4 2 4 7 8 9 3 9 5 2 6 6 8 1 6 5 3 1 4 4 5 
6 1 8 5 9 7 6 1 4 0 2 0 5 5 2 5 8 6 6 9 8 5 3 3 6 0 1 5 8 7 3 2 2 0 5 5 9 9 9 2 
0 9 5 9 6 9 1 5 5 3 8 7 3 9 0 1 8 1 6 1 9 8 2 6 0 1 4 5 6 4 2 7 8 4 3 4 7 7 8 1 
6 7 3 9 3 9 1 8 9 1 1 9 1 1 1 0 9 9 3 5 5 7 2 3 0 7 5 2 7 8 0 8 9 6 9 3 9 8 8 6 
9 1 3 2 1 1 0 3 9 4 3 9 2 6 0 0 9 3 9 5 8 4 6 0 1 7 6 0 6 0 1 6 7 6 0 0 8 9 6 3 
6 3 1 2 2 7 6 7 7 3 4 8 1 0 9 6 6 2 5 9 9 1 4 0 3 3 8 4 0 1 0 0 9 8 7 1 6 5 5 3 
0 3 9 1 6 4 2 9 6 7 9 5 5 9 5 4 3 7 8 6 7 8 6 2 7 1 9 5 6 0 8 0 5 6 1 4 7 7 0 8 
2 5 7 1 6 8 9 6 1 1 8 1 8 9 4 9 3 3 8 8 7 9 1 4 1 5 3 7 0 4 7 3 2 3 2 7 3 9 5 7 
1 8 3 8 3 0 9 5 4 6 3 0 2 3 7 6 6 2 1 5 8 9 3 2 4 5 5 5 9 5 2 4 8 1 1 6 6 8 9 8 
2 2 3 6 0 0 6 2 4 8 3 9 2 0 1 9 8 4 4 7 4 7 5 9 6 9 4 9 9 1 4 7 4 5 3 3 3 0 4 0 
9 0 0 0 6 1 6 5 1 1 7 5 8 9 5 5 0 9 1 2 5 0 4 4 7 5 3 9 7 8 9 8 2 4 2 3 1 1 8 7 
4 6 6 2 5 8 7 8 9 6 9 0 3 2 0 1 8 7 3 0 2 7 0 2 0 2 9 6 8 8 1 7 9 4 6 6 5 3 1 6 
7 2 5 1 8 5 0 1 9 5 4 8 6 9 8 0 0 4 3 0 6 6 0 8 7 6 0 6 8 6 5 4 0 2 5 9 1 0 7 4 
8 1 8 7 5 5 1 9 0 8 7 7 9 4 2 4 1 0 7 0 4 6 9 8 0 6 8 9 5 6 4 1 0 1 3 1 0 4 6 2 
3 7 3 3 4 9 5 8 6 5 2 9 0 6 0 5 6 6 1 2 2 6 8 4 7 8 2 6 4 8 1 9 0 1 0 9 0 3 4 5 
1 3 2 7 4 5 5 4 4 8 2 0 6 2 5 4 2 3 1 5 9 4 8 1 9 1 8 5 7 0 7 2 7 8 7 8 7 5 5 0 
7 7 6 3 2 0 2 2 0 2 5 8 6 0 1 8 2 5 0 4 5 5 6 1 0 6 7 0 8 8 1 9 4 4 6 9 4 4 3 1 
1 1 3 4 4 5 1 1 1 2 7 6 7 3 7 5 3 9 1 3 8 3 5 6 3 9 3 3 7 2 5 5 8 9 7 7 3 6 8 7 
4 3 3 1 4 7 4 0 6 6 4 3 7 7 4 6 3 9 7 1 7 3 0 9 9 6 1 2 8 4 8 5 4 3 9 5 3 1 8 6 
7 2 3 9 8 8 7 2 5 7 2 1 5 4 4 5 6 2 4 3 6 3 9 9 5 1 3 6 9 6 5 9 2 1 5 3 9 2 7 7 
2 1 5 7 2 1 8 0 7 0 9 8 5 2 6 5 8 5 8 9 8 1 3 0 5 5 8 6 8 7 9 4 3 2 1 8 6 0 4 4 
6 8 6 8 6 0 2 5 5 3 3 9 4 3 4 1 0 7 8 5 5 1 4 6 6 6 2 3 1 8 7 8 1 8 4 7 0 0 6 4 
9 9 2 1 3 0 0 0 9 6 3 5 5 0 7 8 8 3 2 7 7 7 0 3 9 6 4 0 3 3 6 8 1 1 7 2 8 4 1 3 
9 7 4 5 9 0 1 3 4 9 5 0 3 6 4 0 0 0 8 7 7 4 0 5 6 9 8 7 8 1 5 9 1 4 9 9 3 7 6 0 
2 6 3 6 8 5 1 3 7 7 5 3 4 3 5 7 5 2 2 9 9 8 0 8 2 6 5 7 2 4 5 9 0 9 3 5 7 5 8 9 
2 2 7 0 2 1 8 0 7 3 3 4 3 0 9 3 5 2 7 6 8 9 1 9 4 0 2 8 9 6 9 2 7 2 8 7 8 7 9 0 
0 3 7 9 5 9 9 3 0 4 6 9 0 7 7 9 0 4 7 8 1 8 4 8 1 9 6 5 9 1 0 9 4 2 9 7 1 3 2 4 
6 5 3 0 5 4 4 0 0 4 4 5 2 5 2 1 6 1 1 6 8 6 9 3 9 4 4 1 9 4 1 3 6 9 0 5 2 5 9 5 
0 6 2 2 8 8 4 9 7 9 0 0 0 5 6 2 2 1 0 1 2 3 0 0 3 7 7 7 5 9 5 8 4 7 6 5 9 8 3 0 
1 1 0 9 2 7 6 8 0 6 5 1 2 7 2 3 7 4 4 3 8 7 1 4 4 1 4 7 4 4 1 1 6 8 3 2 7 7 0 3 
6 7 9 1 0 1 8 4 1 9 8 0 6 8 3 2 9 1 7 4 1 3 2 7 6 2 4 5 1 9 5 3 3 5 0 2 8 4 7 6 
4 0 4 4 1 2 5 3 5 4 1 0 4 4 1 8 3 9 8 6 6 8 8 5 3 2 5 9 0 4 7 8 6 2 2 4 1 2 7 7 

Resultado 2
750 834 974 745 831 741 839 700 803 941 957 941 882 963 760 913 910 872 943 918 1129 1006 747 1023 960 832 921 950 1143 922 945 989 764 844 919 922 894 910 1121 916 
782 888 951 733 861 762 945 818 952 955 896 829 838 887 822 932 967 808 1040 1053 1173 1060 706 902 936 730 900 1015 1027 915 959 956 752 861 780 963 929 897 946 918 
740 863 876 787 833 923 865 777 860 902 800 903 764 875 695 908 908 885 867 891 1117 1098 763 924 855 870 871 990 1108 895 835 1048 797 827 862 944 848 897 964 815 
670 790 850 744 798 776 732 705 840 797 718 928 657 770 643 825 869 765 785 903 973 943 644 853 809 741 791 793 1043 852 702 957 663 761 883 846 924 842 917 783 
1005 1027 1159 857 1084 1043 1039 979 1147 1169 1084 1007 1053 1151 896 1053 1219 1016 1147 1165 1432 1327 810 1122 1060 973 1020 1175 1377 1127 1087 1136 931 1074 978 1057 1195 1132 1305 1167 
817 914 902 836 902 833 807 711 943 860 787 979 852 903 710 977 1012 919 942 1009 1209 1012 765 966 1012 834 812 876 1118 963 928 1083 734 848 912 981 994 962 1117 937 
591 776 849 620 682 603 715 726 727 867 844 855 683 869 662 836 828 701 758 870 1031 911 636 780 773 718 765 779 932 714 746 787 614 753 680 893 847 888 872 751 
719 682 689 670 721 687 587 753 723 803 737 768 681 776 622 684 685 744 675 696 922 864 581 740 792 742 809 803 956 790 684 854 686 739 777 819 753 762 834 692 
574 756 824 798 801 821 766 802 815 908 839 926 759 804 692 818 913 800 823 859 1072 991 701 866 739 690 856 945 1128 864 823 880 784 809 829 873 947 932 967 792 
647 638 764 584 665 621 639 593 741 681 678 886 752 692 605 736 761 766 753 773 881 737 666 628 763 648 796 754 961 764 731 734 621 673 696 711 724 705 796 743 
719 660 743 563 742 596 641 511 724 707 700 783 652 716 645 718 687 644 815 845 931 737 577 693 728 676 709 619 938 684 702 838 550 682 734 794 722 690 772 629 
822 892 891 821 902 778 848 773 1004 982 836 1083 773 902 900 894 942 847 957 1007 1196 1043 777 915 963 924 908 974 1246 898 943 1046 773 790 872 986 974 964 1079 872 
762 825 812 938 791 843 842 772 850 865 722 924 789 778 712 868 938 843 808 887 980 888 738 777 897 844 920 883 1137 1058 749 1026 778 770 879 934 959 864 1012 849 
757 848 839 763 912 805 747 860 872 892 853 978 706 943 700 825 858 806 859 936 1137 1037 705 901 802 879 879 980 1079 876 757 1034 734 900 734 933 809 930 1019 825 
770 855 882 808 882 866 851 678 958 884 734 986 818 868 827 896 932 933 938 978 1129 1000 666 877 970 934 815 961 1273 1007 889 1052 829 820 897 1055 972 908 1105 866 
708 746 787 723 745 751 826 655 774 807 760 774 738 796 628 752 847 720 835 784 1078 921 689 892 760 757 720 844 1016 782 792 884 636 675 754 854 776 825 958 718 
760 906 951 840 946 846 792 763 959 970 867 987 848 892 803 885 980 877 907 967 1258 1094 773 936 912 872 889 932 1250 1002 923 1037 799 904 853 1031 1019 1007 1144 911 
700 696 835 789 699 744 734 677 742 756 777 904 722 846 626 815 877 741 828 825 1007 842 753 773 688 766 862 805 1000 849 705 935 743 747 735 769 921 858 979 797 
689 733 826 625 728 758 656 669 722 750 717 710 703 777 625 752 704 761 765 779 953 884 527 756 705 843 705 784 909 801 703 850 693 803 741 875 726 745 888 687 
760 860 880 812 734 620 784 720 693 897 788 964 748 805 652 840 803 801 860 957 1043 926 735 879 759 797 838 883 1066 868 779 943 660 801 773 882 824 840 1027 841 
663 811 876 726 868 778 800 763 785 882 882 845 826 875 736 785 827 744 899 939 1094 987 577 818 863 732 805 924 1077 850 834 847 690 831 822 990 911 899 941 808 
628 789 861 753 867 917 831 769 864 916 886 935 835 900 833 933 860 783 939 985 1212 1021 629 920 830 834 838 962 1030 772 869 889 721 915 888 937 895 894 925 795 
786 810 873 740 823 843 870 696 879 870 705 799 808 850 766 850 919 808 929 957 1114 1025 720 859 867 703 812 967 1008 945 865 910 718 760 779 852 927 899 1027 912 
710 809 818 671 804 717 744 776 832 746 740 768 717 895 635 756 839 746 857 883 1024 874 528 746 819 741 781 869 906 940 787 910 649 764 750 907 906 925 962 778 
617 710 651 629 660 572 688 555 650 801 722 730 663 709 657 753 731 606 654 779 1021 853 569 733 747 692 737 754 1004 654 723 821 667 720 750 763 804 760 886 652 
787 818 869 710 802 674 801 717 702 856 772 814 850 874 665 840 772 824 769 795 984 878 706 866 895 870 771 939 1060 955 853 971 610 731 783 945 787 836 1015 820 
775 780 815 677 726 746 813 696 837 843 829 1034 887 807 739 876 928 763 890 898 1101 847 714 783 850 826 919 915 1080 894 880 915 766 869 832 791 987 842 989 851 
705 774 819 710 805 833 839 728 774 884 829 1033 822 968 731 917 881 926 881 923 1139 953 745 890 937 813 811 881 1175 811 830 930 777 875 885 894 900 926 992 875 
667 821 814 642 749 711 782 618 897 801 683 880 734 770 708 843 846 797 914 929 1015 965 538 841 804 842 691 853 1004 825 822 945 678 771 741 871 810 786 960 891 
799 873 972 726 910 767 795 821 892 897 941 941 955 955 673 915 825 835 1031 974 1100 1013 723 926 905 807 965 1043 1015 1003 972 1089 645 849 814 1078 854 850 982 904 
511 620 665 654 704 768 789 561 746 679 677 713 608 694 654 757 798 687 671 837 1017 842 640 674 709 715 727 803 946 682 669 798 710 727 654 834 732 750 919 712 
663 693 783 586 750 757 732 734 761 753 808 821 797 824 650 806 791 767 807 837 1023 919 550 764 681 765 795 926 898 820 707 835 692 832 661 813 763 800 843 786 
831 822 869 762 783 699 763 650 800 868 762 823 888 873 691 946 937 862 905 877 1032 938 655 894 892 794 769 812 1111 934 874 996 723 699 864 807 973 910 1062 927 
803 874 988 731 883 1014 969 832 897 941 854 986 954 1041 759 991 969 924 988 972 1114 1108 713 1035 927 928 889 1101 1139 1159 889 1077 765 953 885 1038 939 920 1089 1020 
803 602 804 611 718 702 802 664 761 751 828 815 860 804 681 874 854 736 921 884 1035 799 615 836 800 676 785 837 919 833 818 806 602 722 773 768 857 783 852 716 
654 733 775 763 715 631 762 637 866 800 723 886 665 764 672 837 824 750 910 976 1077 904 696 819 867 785 895 847 963 706 777 924 697 799 743 871 772 783 915 792 
544 591 590 622 524 583 589 643 517 602 703 774 535 618 386 610 699 551 579 609 789 720 537 581 554 672 692 672 853 671 466 709 584 629 555 685 607 625 695 529 
657 678 749 587 716 693 752 627 817 662 744 920 710 756 709 773 779 768 831 895 1027 830 588 678 749 597 725 819 940 771 736 750 672 660 644 844 757 731 842 693 
726 720 820 705 842 729 698 739 853 860 810 858 849 845 808 817 799 777 869 854 1138 961 654 831 823 729 839 867 1071 815 849 836 777 845 837 870 868 923 998 823 
589 673 676 598 726 693 644 677 754 713 684 788 673 789 712 726 634 802 740 749 953 806 476 763 699 694 693 814 915 797 731 857 712 737 788 883 757 789 891 720 

